Date and time: 2018-01-22 10:5948

Data file path: output_input.txt

Output file path: output

Predict file path: No predictions run.

Seed: 1516636788

Number of sweeps: 10
Burn in sweeps: 1
Output filter: 1
Proposal Type: gibbsForVActive, Acceptance Rate: 1
Proposal Type: updateForPhiActive, Acceptance Rate: 1
Proposal Type: gibbsForMuActive, Acceptance Rate: 1
Proposal Type: gibbsForTauActive, Acceptance Rate: 1
Proposal Type: metropolisHastingsForThetaActive, Acceptance Rate: 0.575812
Proposal Type: gibbsForU, Acceptance Rate: 1
Proposal Type: metropolisHastingsForAlpha, Acceptance Rate: 0.636364
Proposal Type: gibbsForVInActive, Acceptance Rate: 1
Proposal Type: gibbsForPhiInActive, Acceptance Rate: 1
Proposal Type: gibbsForMuInActive, Acceptance Rate: 1
Proposal Type: gibbsForTauInActive, Acceptance Rate: 1
Proposal Type: metropolisHastingsForLabels123, Acceptance Rate: 0.909091
Proposal Type: gibbsForThetaInActive, Acceptance Rate: 1
Proposal Type: gibbsForSigmaSqY, Acceptance Rate: 1
Proposal Type: gibbsForZ, Acceptance Rate: 1
Number of subjects: 6403
Number of prediction subjects: 0
Prediction type: RaoBlackwell
Sampler type: SliceDependent
Number of initial clusters: 52 (Random, Unif[50,60])
Covariates: 
Number of discrete covariates: 1
Number of continuous covariates: 10
	Pedi (categorical)
	temp_min
	Dewpoin_min
	RelativeHumidity_min
	temp_max
	Dewpoin_max
	RelativeHumidity_max
	SolarRadiation_max
	Rainfall_max
	WindSpeed_max
	WindGust_max
No fixed effects
Model for Y: Normal
Extra Y variance: False
Include response: True
Update alpha: True
Compute allocation entropy: False
Model for X: Mixed
Variable selection: None

Hyperparameters:
shapeAlpha: 2
rateAlpha: 1
aPhi[j]: 1 
mu0: 
9.61749
3.49603
24.7352
33.8811
 24.532
88.2386
1185.82
16.7901
7.87812
15.6674
Tau0:
 0.00720625           0           0           0           0           0           0           0           0           0
          0   0.0016963           0           0           0           0           0           0           0           0
          0           0  0.00106797           0           0           0           0           0           0           0
          0           0           0   0.0254369           0           0           0           0           0           0
          0           0           0           0   0.0145861           0           0           0           0           0
          0           0           0           0           0 0.000175562           0           0           0           0
          0           0           0           0           0           0 3.08642e-05           0           0           0
          0           0           0           0           0           0           0  0.00302095           0           0
          0           0           0           0           0           0           0           0   0.0154315           0
          0           0           0           0           0           0           0           0           0  0.00226757
R0: 
   1.48517     2.1889   -2.97319    2.41862    3.64355  -0.121334  -0.174815  -0.239909   0.997066   0.861128
    2.1889    3.76651   -4.90263    3.84972    5.97235  -0.195453  -0.287666  -0.412883    1.55123    1.42759
  -2.97319   -4.90263    6.46107   -5.13875   -7.88798   0.258964   0.379717    0.53718    -2.0852   -1.87698
   2.41862    3.84972   -5.13875    4.23857    6.29509  -0.204763  -0.303028  -0.436348    1.72942    1.50047
   3.64355    5.97235   -7.88798    6.29509    9.69955  -0.318454  -0.464539  -0.657747    2.60834     2.2928
 -0.121334  -0.195453   0.258964  -0.204763  -0.318454  0.0107057  0.0152626  0.0210387 -0.0863043 -0.0745896
 -0.174815  -0.287666   0.379717  -0.303028  -0.464539  0.0152626  0.0223907  0.0315192  -0.124016  -0.110015
 -0.239909  -0.412883    0.53718  -0.436348  -0.657747  0.0210387  0.0315192  0.0537165  -0.170664  -0.164795
  0.997066    1.55123    -2.0852    1.72942    2.60834 -0.0863043  -0.124016  -0.170664   0.805907   0.589279
  0.861128    1.42759   -1.87698    1.50047     2.2928 -0.0745896  -0.110015  -0.164795   0.589279   0.560985
kappa0: 10
nu0: 0.01
muTheta: 0
sigmaTheta: 2.5
dofTheta: 7
shapeSigmaSqY: 2.5
scaleSigmaSqY: 2.5

11 sweeps done in 2 seconds
