Date and time: 2018-01-22 11:1023

Data file path: output_input.txt

Output file path: output

Predict file path: No predictions run.

Seed: 1516637423

Number of sweeps: 10
Burn in sweeps: 1
Output filter: 1
Proposal Type: gibbsForVActive, Acceptance Rate: 1
Proposal Type: updateForPhiActive, Acceptance Rate: 1
Proposal Type: gibbsForMuActive, Acceptance Rate: 1
Proposal Type: gibbsForTauActive, Acceptance Rate: 1
Proposal Type: metropolisHastingsForThetaActive, Acceptance Rate: 0.568882
Proposal Type: gibbsForU, Acceptance Rate: 1
Proposal Type: metropolisHastingsForAlpha, Acceptance Rate: 0.545455
Proposal Type: gibbsForVInActive, Acceptance Rate: 1
Proposal Type: gibbsForPhiInActive, Acceptance Rate: 1
Proposal Type: gibbsForMuInActive, Acceptance Rate: 1
Proposal Type: gibbsForTauInActive, Acceptance Rate: 1
Proposal Type: metropolisHastingsForLabels123, Acceptance Rate: 0.909091
Proposal Type: gibbsForThetaInActive, Acceptance Rate: 1
Proposal Type: gibbsForSigmaSqY, Acceptance Rate: 1
Proposal Type: gibbsForZ, Acceptance Rate: 1
Number of subjects: 6403
Number of prediction subjects: 0
Prediction type: RaoBlackwell
Sampler type: SliceDependent
Number of initial clusters: 59 (Random, Unif[50,60])
Covariates: 
Number of discrete covariates: 1
Number of continuous covariates: 10
	Pedi (categorical)
	temp_min
	Dewpoin_min
	RelativeHumidity_min
	temp_max
	Dewpoin_max
	RelativeHumidity_max
	SolarRadiation_max
	Rainfall_max
	WindSpeed_max
	WindGust_max
No fixed effects
Model for Y: Normal
Extra Y variance: False
Include response: True
Update alpha: True
Compute allocation entropy: False
Model for X: Mixed
Variable selection: None

Hyperparameters:
shapeAlpha: 2
rateAlpha: 1
aPhi[j]: 1 
mu0: 
 10.815
8.17565
28.5314
35.2346
24.4552
82.4915
1163.84
12.9854
4.60358
10.9208
Tau0:
 0.00431689           0           0           0           0           0           0           0           0           0
          0  0.00835536           0           0           0           0           0           0           0           0
          0           0  0.00495933           0           0           0           0           0           0           0
          0           0           0  0.00770819           0           0           0           0           0           0
          0           0           0           0    0.015204           0           0           0           0           0
          0           0           0           0           0 0.000175205           0           0           0           0
          0           0           0           0           0           0 3.50128e-05           0           0           0
          0           0           0           0           0           0           0 0.000931436           0           0
          0           0           0           0           0           0           0           0   0.0222103           0
          0           0           0           0           0           0           0           0           0  0.00694444
R0: 
    0.599874    -0.833357    -0.112229     0.322557    -0.386351    0.0497563    0.0155583    -0.013583    -0.413019     -0.12553
   -0.833357      1.48491     0.206334     -1.16989      1.21106    -0.142325   -0.0311848    0.0198697       0.9249     0.178197
   -0.112229     0.206334    0.0498608    -0.164126     0.175288   -0.0211347  -0.00416757   0.00471684     0.177256    0.0109008
    0.322557     -1.16989    -0.164126      2.02456     -1.97974     0.212377    0.0371828   -0.0145979    -0.890427     -0.17942
   -0.386351      1.21106     0.175288     -1.97974      2.00858     -0.21134   -0.0376672    0.0219218     0.956731     0.169764
   0.0497563    -0.142325   -0.0211347     0.212377     -0.21134    0.0230291   0.00414476  -0.00234783    -0.106491   -0.0196848
   0.0155583   -0.0311848  -0.00416757    0.0371828   -0.0376672   0.00414476   0.00101853 -0.000533115   -0.0159924  -0.00756498
   -0.013583    0.0198697   0.00471684   -0.0145979    0.0219218  -0.00234783 -0.000533115   0.00268674    0.0205744   0.00100756
   -0.413019       0.9249     0.177256    -0.890427     0.956731    -0.106491   -0.0159924    0.0205744     0.970586   -0.0448687
    -0.12553     0.178197    0.0109008     -0.17942     0.169764   -0.0196848  -0.00756498   0.00100756   -0.0448687     0.112761
kappa0: 10
nu0: 0.01
muTheta: 0
sigmaTheta: 2.5
dofTheta: 7
shapeSigmaSqY: 2.5
scaleSigmaSqY: 2.5

11 sweeps done in 3 seconds
