Date and time: 2018-01-22 11:2425

Data file path: output_input.txt

Output file path: output

Predict file path: No predictions run.

Seed: 1516638265

Number of sweeps: 10
Burn in sweeps: 1
Output filter: 1
Proposal Type: gibbsForVActive, Acceptance Rate: 1
Proposal Type: updateForPhiActive, Acceptance Rate: 1
Proposal Type: gibbsForMuActive, Acceptance Rate: 1
Proposal Type: gibbsForTauActive, Acceptance Rate: 1
Proposal Type: metropolisHastingsForThetaActive, Acceptance Rate: 0.57913
Proposal Type: gibbsForU, Acceptance Rate: 1
Proposal Type: metropolisHastingsForAlpha, Acceptance Rate: 0.545455
Proposal Type: gibbsForVInActive, Acceptance Rate: 1
Proposal Type: gibbsForPhiInActive, Acceptance Rate: 1
Proposal Type: gibbsForMuInActive, Acceptance Rate: 1
Proposal Type: gibbsForTauInActive, Acceptance Rate: 1
Proposal Type: metropolisHastingsForLabels123, Acceptance Rate: 0.818182
Proposal Type: gibbsForThetaInActive, Acceptance Rate: 1
Proposal Type: gibbsForSigmaSqY, Acceptance Rate: 1
Proposal Type: gibbsForZ, Acceptance Rate: 1
Number of subjects: 5930
Number of prediction subjects: 0
Prediction type: RaoBlackwell
Sampler type: SliceDependent
Number of initial clusters: 53 (Random, Unif[50,60])
Covariates: 
Number of discrete covariates: 1
Number of continuous covariates: 9
	Pedi (categorical)
	temp_min
	Dewpoin_min
	RelativeHumidity_min
	temp_max
	Dewpoin_max
	SolarRadiation_max
	Rainfall_max
	WindSpeed_max
	WindGust_max
No fixed effects
Model for Y: Normal
Extra Y variance: False
Include response: True
Update alpha: True
Compute allocation entropy: False
Model for X: Mixed
Variable selection: None

Hyperparameters:
shapeAlpha: 2
rateAlpha: 1
aPhi[j]: 1 
mu0: 
3.90769
3.01721
 27.262
34.2659
23.8734
 978.01
15.5161
 4.1661
10.0879
Tau0:
  0.0018953           0           0           0           0           0           0           0           0
          0  0.00253282           0           0           0           0           0           0           0
          0           0  0.00199298           0           0           0           0           0           0
          0           0           0   0.0169984           0           0           0           0           0
          0           0           0           0   0.0365592           0           0           0           0
          0           0           0           0           0 1.11856e-05           0           0           0
          0           0           0           0           0           0  0.00149697           0           0
          0           0           0           0           0           0           0   0.0154699           0
          0           0           0           0           0           0           0           0  0.00694444
R0: 
     2.52301     -3.84912     0.785291      0.89081      1.58776    0.0416588    -0.329893      1.00009   -0.0818342
    -3.84912      5.96975      -1.2237     -1.43017      -2.5203   -0.0673012      0.52175     -1.47831    0.0835092
    0.785291      -1.2237     0.272674     0.312739     0.585293    0.0138352    -0.112231     0.390971   -0.0365706
     0.89081     -1.43017     0.312739      0.41355     0.657633    0.0166267    -0.134064     0.371704  -0.00345685
     1.58776      -2.5203     0.585293     0.657633      1.47465    0.0304961      -0.2434      0.98406    -0.103681
   0.0416588   -0.0673012    0.0138352    0.0166267    0.0304961  0.000874611  -0.00618915    0.0149586 -0.000104067
   -0.329893      0.52175    -0.112231    -0.134064      -0.2434  -0.00618915    0.0493451    -0.141217   0.00642884
     1.00009     -1.47831     0.390971     0.371704      0.98406    0.0149586    -0.141217     0.947733    -0.184722
  -0.0818342    0.0835092   -0.0365706  -0.00345685    -0.103681 -0.000104067   0.00642884    -0.184722    0.0667624
kappa0: 9
nu0: 0.01
muTheta: 0
sigmaTheta: 2.5
dofTheta: 7
shapeSigmaSqY: 2.5
scaleSigmaSqY: 2.5

11 sweeps done in 2 seconds
